Wednesday:
109
104
103
102
101

Thursday:
110
109
0
0
0
0
0
0
0
0
0
0
0
0
0
0
0
2162688
33
0
0
0
0
0
0
0
0
0
0
0
0
0
0
0
0
0
0
0
0
0
0
0
0
0
0
0
0
0
0
0
0
0
0
2162688
0
0
0
0
0
0
0
0
0
0
0
0
0
0
0
0
0
0
0
4259840
0
0
0
10813440
0
33
0
0
1780257626
0
6816080
103
-518745127
2002532931
6816080
102
-518745127
1380995653
6816080
0
-518745127
1414222661
6816080
101
-518745127
0
0
106
-518745127
1852128583
6822864
0
-518745127
0
0
105

Friday:
106

Unassigned:
